117 1.00000e-02 7.311664e-03 7.634650e-01 2.737247e+11 
290 1.00000e-02 7.393441e-04 1.599516e-01 1.313748e+15 
576 1.00000e-02 8.663555e-06 3.958769e-03 3.940666e+19 
117 5.00000e-03 6.844333e-03 8.064963e-01 2.678850e+11 
290 5.00000e-03 7.391532e-04 1.714407e-01 1.404305e+15 
576 5.00000e-03 7.659162e-06 4.121106e-03 3.849071e+19 
117 1.00000e-03 6.016346e-03 8.446698e-01 3.448630e+11 
290 1.00000e-03 6.871941e-04 2.201686e-01 1.884255e+15 
576 1.00000e-03 7.877043e-06 5.114779e-03 2.393483e+20 
117 5.00000e-04 6.117103e-03 8.493495e-01 4.050451e+11 
290 5.00000e-04 6.407384e-04 2.623521e-01 2.300373e+15 
576 5.00000e-04 7.659555e-06 5.828875e-03 7.475859e+20 
