117 1.00000e-02 5.052218e-02 2.752461e-01 8.716922e+17 
290 1.00000e-02 1.589675e-03 1.482233e-02 1.230578e+21 
576 1.00000e-02 9.730503e-04 7.729668e-03 8.659767e+24 
117 5.00000e-03 6.166376e-02 3.680423e-01 1.033257e+18 
290 5.00000e-03 1.737872e-03 2.344146e-02 1.589123e+21 
576 5.00000e-03 2.785521e-04 1.926702e-03 1.269165e+25 
117 1.00000e-03 1.059445e-01 6.900900e-01 1.693309e+18 
290 1.00000e-03 2.802592e-03 6.201619e-02 3.015623e+21 
576 1.00000e-03 4.130229e-05 3.084341e-03 3.176600e+25 
117 5.00000e-04 1.470131e-01 8.700495e-01 1.822734e+18 
290 5.00000e-04 3.446610e-03 9.574785e-02 4.106725e+21 
576 5.00000e-04 