117 1.00000e-01 4.023632e-01 6.464484e+01 2.998025e+19 
290 1.00000e-01 4.416115e-01 6.518050e+01 3.143890e+23 
576 1.00000e-01 8.396857e-01 6.799472e+01 1.969999e+28 
117 1.00000e-02 5.465553e-02 8.141684e+00 8.317643e+19 
290 1.00000e-02 2.810363e-03 7.973434e+00 9.170667e+23 
576 1.00000e-02 5.237328e-03 8.000862e+00 6.219214e+28 
117 1.00000e-03 2.415812e-02 2.891431e-01 1.582946e+20 
290 1.00000e-03 8.920293e-04 8.947033e-02 2.458756e+24 
576 1.00000e-03 7.025989e-05 8.326971e-02 2.285500e+29 
117 5.00000e-04 2.769410e-02 3.625055e-01 2.024233e+20 
290 5.00000e-04 7.956833e-04 2.664100e-02 3.211003e+24 
576 5.00000e-04 2.135566e-05 2.083959e-02 3.341049e+29 
