117 1.00000e-01 5.780764e-02 6.585140e+01 3.225342e+12 
290 1.00000e-01 9.819437e-02 8.893668e+01 1.985797e+16 
576 1.00000e-01 1.757946e-01 1.142305e+02 2.494993e+21 
117 1.00000e-02 1.068166e-02 8.529236e+00 2.857954e+12 
290 1.00000e-02 1.484576e-03 8.409559e+00 1.243728e+16 
576 1.00000e-02 6.951470e-03 9.709747e+00 1.553961e+21 
117 1.00000e-03 7.746369e-03 6.155026e-01 7.260582e+12 
290 1.00000e-03 2.561528e-03 6.100091e-01 2.054902e+16 
576 1.00000e-03 7.836059e-05 1.076533e-01 3.091731e+22 
117 5.00000e-04 8.052549e-03 4.910844e-01 1.262883e+13 
290 5.00000e-04 3.407060e-03 7.437784e-01 2.666288e+16 
576 5.00000e-04 4.714061e-05 4.112376e-02 9.345066e+22 
