117 1.00000e-02 1.391102e-02 2.350516e-01 4.857170e+20 
290 1.00000e-02 3.647450e-04 6.538912e-03 1.137907e+25 
576 1.00000e-02 4.694554e-04 7.064389e-04 1.991113e+30 
117 5.00000e-03 1.540203e-02 2.409549e-01 6.131689e+20 
290 5.00000e-03 2.757369e-04 1.036409e-02 1.761580e+25 
576 5.00000e-03 1.192484e-04 1.789729e-04 2.948596e+30 
117 1.00000e-03 1.719329e-02 3.137222e-01 9.644298e+20 
290 1.00000e-03 2.793344e-04 3.443647e-02 3.610902e+25 
576 1.00000e-03 4.874124e-06 2.579002e-04 7.880423e+30 
117 5.00000e-04 1.597910e-02 3.762749e-01 1.189586e+21 
290 5.00000e-04 3.032749e-04 5.424638e-02 4.740054e+25 
576 5.00000e-04 1.758685e-06 3.382604e-04 1.190183e+31 
