117 1.00000e-02 1.894920e-03 1.564677e-01 1.418115e+13 
290 1.00000e-02 6.577153e-05 2.419216e-02 1.087399e+17 
576 1.00000e-02 4.493635e-05 1.274569e-02 3.050640e+22 
117 5.00000e-03 1.817318e-03 1.699709e-01 1.515125e+13 
290 5.00000e-03 8.338303e-05 2.643627e-02 1.166982e+17 
576 5.00000e-03 1.218158e-05 3.538343e-03 8.760039e+22 
117 1.00000e-03 2.021232e-03 3.184602e-01 2.340541e+13 
290 1.00000e-03 1.321431e-04 5.711260e-02 1.943475e+17 
576 1.00000e-03 2.634120e-06 1.256733e-03 1.619103e+24 
117 5.00000e-04 2.220904e-03 3.797978e-01 3.760994e+13 
290 5.00000e-04 1.459897e-04 7.447183e-02 3.626687e+17 
576 5.00000e-04 2.734557e-06 1.315411e-03 4.928511e+24 
